# oST version 5.0 parameters


[image]

width
640

height
480

[narrow_stereo/left]

camera matrix
827.340571 0.000000 338.180659
0.000000 831.700276 242.583992
0.000000 0.000000 1.000000

distortion
0.111993 0.026613 -0.004207 -0.009984 0.000000

rectification
0.988085 -0.070205 -0.136963
0.072322 0.997326 0.010532
0.135857 -0.020312 0.990520

projection
1162.113855 0.000000 414.786396 0.000000
0.000000 1162.113855 234.846518 0.000000
0.000000 0.000000 1.000000 0.000000

# oST version 5.0 parameters


[image]

width
640

height
480

[narrow_stereo/right]

camera matrix
825.080986 0.000000 344.444326
0.000000 827.941593 220.414539
0.000000 0.000000 1.000000

distortion
-0.100712 0.262696 -0.001080 0.006699 0.000000

rectification
0.997847 -0.061888 -0.021713
0.061545 0.997974 -0.016146
0.022668 0.014775 0.999634

projection
1162.113855 0.000000 414.786396 -366.846972
0.000000 1162.113855 234.846518 0.000000
0.000000 0.000000 1.000000 0.000000

